File Edit Options Buffers Tools Text Help
S C_
R hack.o 64 18
X 41 41 41 41 41 41 41 41 41 41 41 41 41 41 41 41
X 41 41 41 41 41 41 41 41 41 41 41 41 41 41 41 41
X 41 41 41 41 41 41 41 41 41 41 41 41 41 41 41 41
X 41 41 41 41 41 41 41 41 41 41 41 41 41 41 41 41
X 41 41 41 41 41 41 41 41 41 41 41 41 41 41 41 41
X 41 41 41 41 41 41 41 41 41 41 41 41 41 41 41 41
X 41 41 41 41 41 41 41 41 41 41 41 41 41 41 41 41
X 41 41 41 41 41 41 41 41 41 41 41 41 41 41 41 41
X 41 41 41 41 41 41 41 41 41 41 41 41 41 41 41 41
X 41 41 41 41 41 41 41 41 41 41 41 41 41 41 41 41
X 41 41 41 41 41 41 41 41 41 41 41 41 41 41 41 41
X 41 41 41 41 41 41 41 41 41 41 41 41 41 41 41 41
X 41 41 41 41 41 41 41 41 41 41 41 41 41 41 41 41
X 41 41 41 41 41 41 41 41 41 41 41 41 41 41 41 41
X 41 41 41 41 41 41 41 41 41 41 41 41 41
X 42 42 42 42 42 42 42 42
A 0x55555555f002
